4294967279,122
4294967279,121
4294967279,120
4294967279,119
4294967279,118
4294967279,117
4294967279,116
4294967279,115
4294967279,114
4294967279,113
4294967279,112
4294967279,111
4294967279,110
4294967279,109
4294967279,108
4294967279,107
4294967279,106
4294967279,105
4294967279,104
4294967279,103
4294967279,102
4294967279,101
4294967279,100
4294967279,99
4294967278,387
4294967279,455
4294967279,397
4294967279,296
4294967278,326
4294967278,293
4294967279,295
4294967278,291
4294967279,293
4294967278,289
4294967279,292
4294967279,454
4294967278,275
4294967279,135
4294967278,134
4294967279,133
4294967278,133
4294967278,272
4294967278,325
4294967279,393
4294967278,283
4294967279,282
4294967278,267
4294967279,462
4294967278,285
4294967279,266
4294967279,265
4294967279,264
4294967278,258
4294967278,346
4294967278,62
4294967278,61
4294967278,60
4294967278,59
4294967278,56
4294967278,54
4294967278,53
4294967278,52
4294967278,51
4294967278,50
4294967278,46
4294967278,44
4294967278,42
4294967278,41
4294967278,40
4294967278,38
4294967278,37
4294967278,36
4294967278,35
4294967278,31
4294967278,29
4294967278,27
4294967278,26
4294967278,25
4294967278,23
4294967278,22
4294967278,21
4294967278,20
4294967278,19
4294967278,18
4294967278,17
4294967278,16
4294967278,15
4294967278,14
4294967278,13
4294967278,12
4294967278,11
4294967278,10
4294967278,9
4294967278,8
4294967278,7
4294967278,6
4294967278,286
4294967278,5
4294967278,4
4294967279,132
4294967279,131
4294967279,130
4294967279,129
4294967279,128
4294967279,127
4294967279,126
4294967279,125
4294967279,124
4294967279,123
4294967279,86
4294967279,84
4294967279,83
4294967279,82
4294967279,81
4294967279,79
4294967279,76
4294967279,74
4294967279,70
4294967279,66
4294967279,61
4294967279,57
4294967279,55
4294967279,52
4294967279,47
4294967279,43
4294967279,41
4294967279,37
4294967279,32
4294967279,26
4294967279,25
4294967279,24
4294967279,23
4294967279,20
4294967279,15
4294967279,13
4294967279,281
4294967278,58
4294967278,57
4294967278,300
4294967278,55
4294967278,392
4294967278,49
4294967278,48
4294967278,47
4294967278,45
4294967278,43
4294967278,39
4294967278,34
4294967278,33
4294967278,32
4294967278,30
4294967278,28
4294967278,24
4294967278,260
4294967278,287
4294967279,174
4294967279,87
4294967279,410
4294967279,80
4294967279,425
4294967279,63
4294967279,405
4294967279,60
4294967279,458
4294967279,59
4294967279,58
4294967279,302
4294967279,56
4294967279,51
4294967279,298
4294967279,46
4294967279,44
4294967279,36
4294967279,34
4294967279,33
4294967279,417
4294967279,294
4294967279,394
4294967279,21
4294967279,283
4294967279,19
4294967279,16
4294967279,390
4294967278,323
4294967279,257
4294967279,443
4294967278,394
4294967279,256
4294967278,345
4294967279,255
4294967278,318
4294967279,415
4294967278,254
4294967279,254
4294967278,344
4294967279,244
4294967294,221
4294967278,242
118,5
118,4
118,3
118,2
118,1
4294967279,229
4294967278,390
4294967279,225
4294967279,221
4294967278,216
4294967278,214
117,5
117,4
117,3
117,2
117,1
4294967278,342
4294967279,315
4294967279,413
4294967278,206
4294967279,207
4294967278,205
4294967279,412
4294967278,199
4294967279,200
4294967279,199
4294967279,198
4294967278,196
4294967294,1419
4294967294,256
4294967294,214
4294967294,259
4294967294,422
4294967278,187
4294967278,363
4294967278,183
4294967279,306
4294967278,361
4294967279,404
4294967279,260
4294967279,67
4294967278,294
4294967279,457
4294967278,177
4294967279,446
4294967279,406
4294967278,302
112,6
4294967279,172
112,5
112,4
4294967279,171
112,3
112,2
112,1
4294967279,54
4294967279,166
4294967278,164
4294967278,163
4294967278,159
4294967278,158
4294967279,158
4294967279,156
4294967294,481
4294967294,222
4294967278,154
4294967294,250
4294967294,178
4294967294,391
4294967294,463
4294967294,112
4294967278,388
4294967279,38
4294967279,452
4294967278,145
109,5
109,4
4294967278,146
109,3
109,2
109,1
4294967279,146
4294967279,395
4294967294,388
4294967278,140
4294967278,139
4294967278,136
4294967278,276
4294967278,398
4294967278,347
4294967279,291
4294967279,134
107,5
4294967279,445
4294967278,266
107,4
107,3
107,2
107,1
4294967279,268
4294967278,265
4294967279,461
4294967278,278
4294967278,381
4294967294,480
4294967279,391
4294967278,380
4294967279,275
4294967278,391
4294967279,258
4294967278,395
4294967294,439
105,5
105,4
105,3
105,2
105,1
4294967279,442
4294967278,321
4294967279,385
4294967279,460
4294967294,393
4294967294,115
4294967278,255
4294967279,319
4294967278,397
4294967279,318
4294967278,253
4294967279,253
4294967278,247
4294967294,89
4294967294,162
4294967294,264
4294967294,261
4294967294,219
4294967279,243
4294967278,241
4294967279,241
4294967278,238
4294967279,238
4294967294,1425
4294967278,373
4294967279,237
4294967279,239
4294967279,236
4294967278,235
4294967279,235
4294967279,226
4294967278,228
4294967279,228
4294967279,227
4294967279,224
4294967278,222
4294967279,222
4294967278,220
4294967279,220
4294967278,213
4294967294,390
4294967279,451
4294967278,372
4294967279,280
101,6
4294967278,315
4294967279,316
4294967279,437
101,5
4294967278,209
4294967279,210
101,4
4294967278,208
101,3
101,2
101,1
4294967279,209
4294967294,1424
4294967278,207
4294967279,208
4294967278,204
4294967279,459
4294967279,206
100,5
4294967278,203
4294967279,204
4294967278,202
100,4
4294967279,203
100,3
100,2
100,1
4294967278,201
4294967294,479
4294967278,312
4294967294,426
4294967279,431
